7.130201132273697451e-02
1.844783071583523393e+00
-0.000000000000000000e+00
0.000000000000000000e+00
0.000000000000000000e+00
5.114065155803967144e+00
-4.112938427941172037e+00
-4.923990190764147012e-01
-0.000000000000000000e+00
0.000000000000000000e+00
0.000000000000000000e+00
0.000000000000000000e+00
-0.000000000000000000e+00
-5.033513830181141069e-01
2.755691555142822935e+00
-7.895706966855118303e-01
0.000000000000000000e+00
-0.000000000000000000e+00
7.030705070286279446e-01
-0.000000000000000000e+00
0.000000000000000000e+00
0.000000000000000000e+00
-0.000000000000000000e+00
1.720987961664991461e+00
0.000000000000000000e+00
-0.000000000000000000e+00
-0.000000000000000000e+00
0.000000000000000000e+00
5.547626685265607982e+00
0.000000000000000000e+00
0.000000000000000000e+00
-0.000000000000000000e+00
0.000000000000000000e+00
0.000000000000000000e+00
-0.000000000000000000e+00
0.000000000000000000e+00
0.000000000000000000e+00
-7.064557448944606133e-01
0.000000000000000000e+00
-0.000000000000000000e+00
-0.000000000000000000e+00
0.000000000000000000e+00
-0.000000000000000000e+00
0.000000000000000000e+00
-1.995654440725151080e+00
0.000000000000000000e+00
-0.000000000000000000e+00
5.157164378423538587e+00
0.000000000000000000e+00
-0.000000000000000000e+00
0.000000000000000000e+00
4.636111604878881742e+00
-1.696907514107064863e+00
0.000000000000000000e+00
5.751913746108954228e-01
-0.000000000000000000e+00
0.000000000000000000e+00
0.000000000000000000e+00
-0.000000000000000000e+00
0.000000000000000000e+00
-0.000000000000000000e+00
9.776982048829545136e+00
0.000000000000000000e+00
0.000000000000000000e+00
-1.488082419897945874e-01
0.000000000000000000e+00
-0.000000000000000000e+00
-7.392016740603985170e+00
2.458873772924922707e-01
0.000000000000000000e+00
-0.000000000000000000e+00
2.796012166369345575e+00
-3.647021203028546488e+00
0.000000000000000000e+00
1.269238759827075036e+01
-7.684276078912338548e+00
0.000000000000000000e+00
9.055043796611121465e+00
0.000000000000000000e+00
-1.557651673659151914e+00
-6.818482302763612113e-01
5.278607416248375372e+00
-0.000000000000000000e+00
-0.000000000000000000e+00
-4.637579397783823332e+00
0.000000000000000000e+00
0.000000000000000000e+00
0.000000000000000000e+00
0.000000000000000000e+00
0.000000000000000000e+00
0.000000000000000000e+00
0.000000000000000000e+00
-0.000000000000000000e+00
-0.000000000000000000e+00
0.000000000000000000e+00
0.000000000000000000e+00
0.000000000000000000e+00
-6.936271412093967248e-01
-0.000000000000000000e+00
0.000000000000000000e+00
0.000000000000000000e+00
0.000000000000000000e+00
0.000000000000000000e+00
0.000000000000000000e+00
0.000000000000000000e+00
-0.000000000000000000e+00
0.000000000000000000e+00
-1.417454481937225064e-01
0.000000000000000000e+00
-4.778665549083534358e+00
-0.000000000000000000e+00
0.000000000000000000e+00
0.000000000000000000e+00
0.000000000000000000e+00
0.000000000000000000e+00
0.000000000000000000e+00
0.000000000000000000e+00
2.017624405770360507e+00
0.000000000000000000e+00
-0.000000000000000000e+00
-0.000000000000000000e+00
0.000000000000000000e+00
0.000000000000000000e+00
0.000000000000000000e+00
-3.081301641944197645e+00
3.469217333104650969e+00
-6.758452592801522663e-01
-3.026578834115381422e+00
0.000000000000000000e+00
0.000000000000000000e+00
0.000000000000000000e+00
-4.952268969191033210e-01
-0.000000000000000000e+00
0.000000000000000000e+00
5.782458403533154545e+00
-0.000000000000000000e+00
-0.000000000000000000e+00
0.000000000000000000e+00
0.000000000000000000e+00
0.000000000000000000e+00
0.000000000000000000e+00
-1.172090892513227151e-01
0.000000000000000000e+00
0.000000000000000000e+00
-1.625463143313394587e+00
0.000000000000000000e+00
6.841435861866899948e-02
0.000000000000000000e+00
-0.000000000000000000e+00
-0.000000000000000000e+00
0.000000000000000000e+00
-9.352633947757856003e-02
0.000000000000000000e+00
0.000000000000000000e+00
-2.054585862392013240e+00
0.000000000000000000e+00
1.370284618306268243e+00
0.000000000000000000e+00
0.000000000000000000e+00
0.000000000000000000e+00
0.000000000000000000e+00
-0.000000000000000000e+00
2.781379304676419917e+00
0.000000000000000000e+00
0.000000000000000000e+00
0.000000000000000000e+00
-1.543245503791685902e+00
-1.371254006831113870e+00
0.000000000000000000e+00
0.000000000000000000e+00
3.295577108372986785e+00
0.000000000000000000e+00
0.000000000000000000e+00
-0.000000000000000000e+00
-0.000000000000000000e+00
0.000000000000000000e+00
-5.298677776149246510e-01
0.000000000000000000e+00
0.000000000000000000e+00
2.469756364137818405e+00
0.000000000000000000e+00
2.023447882880103244e+00
0.000000000000000000e+00
4.267991941270394274e-01
0.000000000000000000e+00
-0.000000000000000000e+00
-0.000000000000000000e+00
5.143193102681395956e-01
-2.124018429089425730e+00
0.000000000000000000e+00
-0.000000000000000000e+00
0.000000000000000000e+00
0.000000000000000000e+00
-0.000000000000000000e+00
1.900805995717016472e+00
-1.332248119063637493e+00
0.000000000000000000e+00
0.000000000000000000e+00
-2.551165803605826010e+00
-0.000000000000000000e+00
0.000000000000000000e+00
0.000000000000000000e+00
-0.000000000000000000e+00
-0.000000000000000000e+00
-8.165506992744637760e-01
0.000000000000000000e+00
0.000000000000000000e+00
-1.477821081679771442e+00
0.000000000000000000e+00
0.000000000000000000e+00
0.000000000000000000e+00
0.000000000000000000e+00
0.000000000000000000e+00
9.467086760158283099e+00
5.117690466877034794e+01
0.000000000000000000e+00
-0.000000000000000000e+00
0.000000000000000000e+00
-1.553122442401839054e+00
-0.000000000000000000e+00
0.000000000000000000e+00
-0.000000000000000000e+00
0.000000000000000000e+00
4.254856071166895681e+00
-7.904942180786087569e-01
0.000000000000000000e+00
-1.903044307192531814e-01
0.000000000000000000e+00
0.000000000000000000e+00
-0.000000000000000000e+00
0.000000000000000000e+00
0.000000000000000000e+00
3.502232536557217557e+00
0.000000000000000000e+00
0.000000000000000000e+00
-0.000000000000000000e+00
0.000000000000000000e+00
-0.000000000000000000e+00
4.330509863032014350e-01
-0.000000000000000000e+00
0.000000000000000000e+00
0.000000000000000000e+00
0.000000000000000000e+00
0.000000000000000000e+00
0.000000000000000000e+00
-0.000000000000000000e+00
1.529437176339226989e-01
2.023752749233463710e+00
0.000000000000000000e+00
-0.000000000000000000e+00
-0.000000000000000000e+00
-0.000000000000000000e+00
0.000000000000000000e+00
0.000000000000000000e+00
-0.000000000000000000e+00
-0.000000000000000000e+00
0.000000000000000000e+00
0.000000000000000000e+00
0.000000000000000000e+00
-1.385895007734235129e+00
-0.000000000000000000e+00
0.000000000000000000e+00
0.000000000000000000e+00
3.869963059671683858e-01
-9.768942061821231371e-03
0.000000000000000000e+00
-0.000000000000000000e+00
0.000000000000000000e+00
0.000000000000000000e+00
0.000000000000000000e+00
0.000000000000000000e+00
4.394201341256372295e+00
-0.000000000000000000e+00
-0.000000000000000000e+00
0.000000000000000000e+00
7.923836566256546865e-01
-1.164373537639037615e+00
0.000000000000000000e+00
0.000000000000000000e+00
0.000000000000000000e+00
-0.000000000000000000e+00
1.029890263095541769e+00
0.000000000000000000e+00
2.202523946920039943e+00
0.000000000000000000e+00
6.371384748855334346e-01
0.000000000000000000e+00
-1.635437491715075464e-01
0.000000000000000000e+00
-0.000000000000000000e+00
-0.000000000000000000e+00
0.000000000000000000e+00
-0.000000000000000000e+00
-9.624660947798806265e-02
-0.000000000000000000e+00
2.854329298242833879e+00
0.000000000000000000e+00
-0.000000000000000000e+00
-2.517810806249380473e+00
0.000000000000000000e+00
-1.453908080895116806e+00
0.000000000000000000e+00
0.000000000000000000e+00
0.000000000000000000e+00
0.000000000000000000e+00
-0.000000000000000000e+00
9.290991298434861934e-01
-0.000000000000000000e+00
0.000000000000000000e+00
1.257927230229947124e+00
0.000000000000000000e+00
0.000000000000000000e+00
-0.000000000000000000e+00
-0.000000000000000000e+00
-0.000000000000000000e+00
-0.000000000000000000e+00
0.000000000000000000e+00
3.560674610139298757e+00
-0.000000000000000000e+00
-0.000000000000000000e+00
-5.241542137098800236e-01
-3.558585148570748036e+00
0.000000000000000000e+00
0.000000000000000000e+00
0.000000000000000000e+00
0.000000000000000000e+00
4.115942078821087091e-01
-0.000000000000000000e+00
0.000000000000000000e+00
-0.000000000000000000e+00
-0.000000000000000000e+00
0.000000000000000000e+00
0.000000000000000000e+00
0.000000000000000000e+00
-1.297053635586775000e+00
-0.000000000000000000e+00
1.006090468453650771e-01
0.000000000000000000e+00
0.000000000000000000e+00
1.967594408942702877e+00
-0.000000000000000000e+00
-0.000000000000000000e+00
0.000000000000000000e+00
-0.000000000000000000e+00
-0.000000000000000000e+00
-2.473065255031751342e+00
0.000000000000000000e+00
0.000000000000000000e+00
8.469383012266684663e-01
0.000000000000000000e+00
0.000000000000000000e+00
0.000000000000000000e+00
-1.532808948086916923e+00
0.000000000000000000e+00
-0.000000000000000000e+00
-0.000000000000000000e+00
0.000000000000000000e+00
-0.000000000000000000e+00
0.000000000000000000e+00
0.000000000000000000e+00
-0.000000000000000000e+00
0.000000000000000000e+00
0.000000000000000000e+00
0.000000000000000000e+00
0.000000000000000000e+00
3.085785835660886267e+00
0.000000000000000000e+00
2.352509703840585775e+00
-3.060945227466448926e-01
0.000000000000000000e+00
-1.181372222123344029e+00
2.602272694626311278e+00
0.000000000000000000e+00
0.000000000000000000e+00
-5.434676881611906207e-01
-0.000000000000000000e+00
7.047304644947677943e+00
-6.557419638944906870e-01
-5.839332407046406992e-01
0.000000000000000000e+00
0.000000000000000000e+00
-0.000000000000000000e+00
-5.445704510782243268e+00
-2.121263942779401113e+00
-0.000000000000000000e+00
0.000000000000000000e+00
0.000000000000000000e+00
1.269001924425287253e+00
0.000000000000000000e+00
5.038006577968611843e+00
0.000000000000000000e+00
-0.000000000000000000e+00
-0.000000000000000000e+00
0.000000000000000000e+00
0.000000000000000000e+00
-0.000000000000000000e+00
-0.000000000000000000e+00
1.393004279843597093e-01
-0.000000000000000000e+00
0.000000000000000000e+00
0.000000000000000000e+00
0.000000000000000000e+00
0.000000000000000000e+00
0.000000000000000000e+00
0.000000000000000000e+00
0.000000000000000000e+00
-1.618192529382645795e+00
3.585879633804815558e+00
0.000000000000000000e+00
0.000000000000000000e+00
-0.000000000000000000e+00
-7.130135513497479316e+00
7.574093608228722740e-02
0.000000000000000000e+00
-1.396376972137998961e-02
0.000000000000000000e+00
-4.744742257332288521e-02
0.000000000000000000e+00
0.000000000000000000e+00
0.000000000000000000e+00
-0.000000000000000000e+00
-0.000000000000000000e+00
0.000000000000000000e+00
-0.000000000000000000e+00
0.000000000000000000e+00
-2.048589749439740648e-01
1.739335939253566110e+00
0.000000000000000000e+00
0.000000000000000000e+00
0.000000000000000000e+00
-0.000000000000000000e+00
0.000000000000000000e+00
-0.000000000000000000e+00
0.000000000000000000e+00
-0.000000000000000000e+00
-0.000000000000000000e+00
0.000000000000000000e+00
-0.000000000000000000e+00
6.648458336524419865e-01
0.000000000000000000e+00
0.000000000000000000e+00
-8.902215042745644791e-01
0.000000000000000000e+00
3.396926097391241850e+00
0.000000000000000000e+00
-0.000000000000000000e+00
0.000000000000000000e+00
-0.000000000000000000e+00
0.000000000000000000e+00
-6.990951324313479098e-01
0.000000000000000000e+00
0.000000000000000000e+00
0.000000000000000000e+00
-0.000000000000000000e+00
0.000000000000000000e+00
-1.789365608788213047e+00
0.000000000000000000e+00
0.000000000000000000e+00
0.000000000000000000e+00
-0.000000000000000000e+00
-0.000000000000000000e+00
-1.847401126074231126e+00
0.000000000000000000e+00
-1.246485320628061555e-01
1.334222019027588857e+00
-0.000000000000000000e+00
-0.000000000000000000e+00
-0.000000000000000000e+00
0.000000000000000000e+00
0.000000000000000000e+00
0.000000000000000000e+00
-0.000000000000000000e+00
-5.860486946001533656e-04
2.473113880165868750e+00
6.549164421618765886e+00
0.000000000000000000e+00
0.000000000000000000e+00
0.000000000000000000e+00
0.000000000000000000e+00
0.000000000000000000e+00
-1.120424489229132625e+00
0.000000000000000000e+00
0.000000000000000000e+00
-2.932077317649773640e+00
-0.000000000000000000e+00
1.243803436166481591e+00
0.000000000000000000e+00
0.000000000000000000e+00
-1.818171915885734985e-02
0.000000000000000000e+00
0.000000000000000000e+00
0.000000000000000000e+00
0.000000000000000000e+00
-0.000000000000000000e+00
0.000000000000000000e+00
0.000000000000000000e+00
0.000000000000000000e+00
-0.000000000000000000e+00
4.823502604711331354e-02
-0.000000000000000000e+00
-1.493877012494106496e-02
2.749445033748971201e-01
-1.389694784749916812e+00
-0.000000000000000000e+00
-0.000000000000000000e+00
0.000000000000000000e+00
0.000000000000000000e+00
-3.636674978666615821e-01
8.017135431879403029e-01
0.000000000000000000e+00
0.000000000000000000e+00
0.000000000000000000e+00
0.000000000000000000e+00
-0.000000000000000000e+00
-0.000000000000000000e+00
-1.001684772739910967e+00
3.040063832201618688e+00
-2.727258776026098896e+00
0.000000000000000000e+00
-0.000000000000000000e+00
2.273064480651043162e+00
0.000000000000000000e+00
0.000000000000000000e+00
0.000000000000000000e+00
0.000000000000000000e+00
0.000000000000000000e+00
-1.400590473062067964e+00
0.000000000000000000e+00
0.000000000000000000e+00
0.000000000000000000e+00
-0.000000000000000000e+00
8.635183331105159565e-01
-0.000000000000000000e+00
0.000000000000000000e+00
-7.213934172636853326e-01
-5.789483696667161894e+00
0.000000000000000000e+00
-3.416862095015064327e+00
-0.000000000000000000e+00
0.000000000000000000e+00
