1.676649029820397763e+00
-0.000000000000000000e+00
-0.000000000000000000e+00
0.000000000000000000e+00
0.000000000000000000e+00
6.291968866322404930e-01
-3.687355677620520300e+00
-5.661404598955330908e-02
-0.000000000000000000e+00
0.000000000000000000e+00
-0.000000000000000000e+00
0.000000000000000000e+00
-8.037105342777073336e-01
-1.011863242854968981e-01
5.186459599733052706e+00
-0.000000000000000000e+00
1.915589614423654385e+00
-3.595611826474451322e-01
8.377294963981634091e-01
0.000000000000000000e+00
0.000000000000000000e+00
0.000000000000000000e+00
-0.000000000000000000e+00
0.000000000000000000e+00
0.000000000000000000e+00
0.000000000000000000e+00
-8.593856814119565923e-01
-0.000000000000000000e+00
2.683088944506136109e+00
-1.671925011523670568e+00
0.000000000000000000e+00
-1.714963840487413016e+00
0.000000000000000000e+00
0.000000000000000000e+00
0.000000000000000000e+00
0.000000000000000000e+00
2.706434929107270349e-01
-2.668891082735032949e+00
0.000000000000000000e+00
-0.000000000000000000e+00
0.000000000000000000e+00
0.000000000000000000e+00
-0.000000000000000000e+00
-0.000000000000000000e+00
-1.455663701824189582e+00
0.000000000000000000e+00
-1.029469935922173729e+00
1.808095773921978511e+00
0.000000000000000000e+00
-0.000000000000000000e+00
-0.000000000000000000e+00
3.270958589787000381e+00
-2.397641499077581617e+00
0.000000000000000000e+00
1.661862138969424224e-02
-0.000000000000000000e+00
-0.000000000000000000e+00
0.000000000000000000e+00
0.000000000000000000e+00
0.000000000000000000e+00
-0.000000000000000000e+00
5.507945894716891999e+00
0.000000000000000000e+00
-0.000000000000000000e+00
-5.319187496167120388e-01
0.000000000000000000e+00
-1.160939190987040126e+00
-8.042109075672257745e+00
1.428181320895180129e+00
0.000000000000000000e+00
0.000000000000000000e+00
0.000000000000000000e+00
-3.680638688225012611e+00
0.000000000000000000e+00
1.667305950417460636e+01
-6.102181555368401789e+00
-0.000000000000000000e+00
6.183402747626450591e+00
3.045392127675840221e+00
-2.277402196173748727e+00
-0.000000000000000000e+00
5.670753688977616669e+00
-0.000000000000000000e+00
0.000000000000000000e+00
-2.625823188749448089e+00
0.000000000000000000e+00
-0.000000000000000000e+00
0.000000000000000000e+00
0.000000000000000000e+00
1.215360803204759366e+00
0.000000000000000000e+00
-0.000000000000000000e+00
-0.000000000000000000e+00
-0.000000000000000000e+00
0.000000000000000000e+00
0.000000000000000000e+00
0.000000000000000000e+00
-2.453553761327716132e-01
-0.000000000000000000e+00
-0.000000000000000000e+00
0.000000000000000000e+00
1.656858180317937856e+00
0.000000000000000000e+00
-0.000000000000000000e+00
-0.000000000000000000e+00
-0.000000000000000000e+00
0.000000000000000000e+00
-0.000000000000000000e+00
0.000000000000000000e+00
-3.253526741052625404e+00
0.000000000000000000e+00
9.715543243088508030e-01
-0.000000000000000000e+00
-1.240837753345353178e+00
0.000000000000000000e+00
0.000000000000000000e+00
-0.000000000000000000e+00
3.079007733593690066e+00
1.522941115040526094e+00
-4.810641185871468828e+00
-0.000000000000000000e+00
0.000000000000000000e+00
-0.000000000000000000e+00
-0.000000000000000000e+00
0.000000000000000000e+00
0.000000000000000000e+00
-2.078918081599297363e+00
-9.633118156728627257e-01
0.000000000000000000e+00
0.000000000000000000e+00
1.676889837035560049e+00
-0.000000000000000000e+00
0.000000000000000000e+00
0.000000000000000000e+00
4.061438354673792439e+00
-0.000000000000000000e+00
0.000000000000000000e+00
-0.000000000000000000e+00
0.000000000000000000e+00
0.000000000000000000e+00
0.000000000000000000e+00
-0.000000000000000000e+00
0.000000000000000000e+00
0.000000000000000000e+00
-0.000000000000000000e+00
-0.000000000000000000e+00
1.502170869328983027e+00
0.000000000000000000e+00
-0.000000000000000000e+00
-0.000000000000000000e+00
0.000000000000000000e+00
0.000000000000000000e+00
-0.000000000000000000e+00
0.000000000000000000e+00
-2.771769211847641134e+00
-0.000000000000000000e+00
2.042143220784210511e-01
2.594266689834070050e+00
-0.000000000000000000e+00
-0.000000000000000000e+00
-3.647171970820525910e+00
-0.000000000000000000e+00
1.362295055599050730e+00
8.213773938819576292e-01
0.000000000000000000e+00
-0.000000000000000000e+00
-2.418664195478351875e+00
-7.773292170491624686e-02
-0.000000000000000000e+00
0.000000000000000000e+00
2.227314787724290479e+00
-0.000000000000000000e+00
0.000000000000000000e+00
0.000000000000000000e+00
-0.000000000000000000e+00
-0.000000000000000000e+00
-4.340030722210959091e+00
0.000000000000000000e+00
0.000000000000000000e+00
1.304732532706556203e+00
0.000000000000000000e+00
1.271950554385597787e+00
0.000000000000000000e+00
1.476111226189832815e+00
0.000000000000000000e+00
-1.357196491777035385e+00
0.000000000000000000e+00
1.365544406713205872e+00
-7.604319555545910880e-01
0.000000000000000000e+00
-0.000000000000000000e+00
0.000000000000000000e+00
0.000000000000000000e+00
-0.000000000000000000e+00
9.449222143031475729e-03
-0.000000000000000000e+00
0.000000000000000000e+00
0.000000000000000000e+00
-0.000000000000000000e+00
-0.000000000000000000e+00
-0.000000000000000000e+00
0.000000000000000000e+00
-0.000000000000000000e+00
-0.000000000000000000e+00
-2.194834107740500639e-01
-0.000000000000000000e+00
0.000000000000000000e+00
-2.391217873277602379e+00
0.000000000000000000e+00
0.000000000000000000e+00
-0.000000000000000000e+00
0.000000000000000000e+00
-0.000000000000000000e+00
5.131306090112505380e+00
4.833147592430069039e+01
0.000000000000000000e+00
0.000000000000000000e+00
0.000000000000000000e+00
-4.417036275763799001e-03
0.000000000000000000e+00
-6.234776131053513248e-01
-0.000000000000000000e+00
0.000000000000000000e+00
4.590596085623486755e-01
0.000000000000000000e+00
0.000000000000000000e+00
-5.075361378957241598e-01
0.000000000000000000e+00
0.000000000000000000e+00
0.000000000000000000e+00
0.000000000000000000e+00
-0.000000000000000000e+00
-0.000000000000000000e+00
0.000000000000000000e+00
2.112371093363579089e+00
-0.000000000000000000e+00
-0.000000000000000000e+00
-0.000000000000000000e+00
1.515004978890373888e+00
-4.075580821985069213e-01
-0.000000000000000000e+00
-0.000000000000000000e+00
0.000000000000000000e+00
0.000000000000000000e+00
0.000000000000000000e+00
-0.000000000000000000e+00
-0.000000000000000000e+00
1.020468043741478426e-01
-0.000000000000000000e+00
-0.000000000000000000e+00
0.000000000000000000e+00
-3.071439952167215992e+00
0.000000000000000000e+00
0.000000000000000000e+00
0.000000000000000000e+00
-0.000000000000000000e+00
2.306618533687919026e+00
0.000000000000000000e+00
0.000000000000000000e+00
-5.926608643676322119e-01
-1.573092576366565742e+00
3.415586807003379022e+00
-8.941054512902673057e-01
1.276943549263416688e+00
-0.000000000000000000e+00
0.000000000000000000e+00
-6.490955079884189738e-01
0.000000000000000000e+00
-0.000000000000000000e+00
-0.000000000000000000e+00
0.000000000000000000e+00
2.488741554992403682e+00
0.000000000000000000e+00
-0.000000000000000000e+00
0.000000000000000000e+00
-0.000000000000000000e+00
-1.974729056230877688e+00
1.996663540851854490e+00
0.000000000000000000e+00
0.000000000000000000e+00
-0.000000000000000000e+00
0.000000000000000000e+00
0.000000000000000000e+00
3.612970852648875741e+00
-0.000000000000000000e+00
1.548416223483427112e+00
0.000000000000000000e+00
0.000000000000000000e+00
0.000000000000000000e+00
-0.000000000000000000e+00
0.000000000000000000e+00
-3.404923979768955888e+00
3.385523825931184838e-01
-8.780379915988495432e-01
-0.000000000000000000e+00
0.000000000000000000e+00
0.000000000000000000e+00
-0.000000000000000000e+00
-2.967153175311125324e+00
-0.000000000000000000e+00
-1.775255371752821665e+00
0.000000000000000000e+00
0.000000000000000000e+00
0.000000000000000000e+00
0.000000000000000000e+00
1.414028574547315786e+00
4.039075236713900452e+00
0.000000000000000000e+00
0.000000000000000000e+00
1.256506839719511381e+00
-8.598157279153384458e-01
0.000000000000000000e+00
-0.000000000000000000e+00
-1.063181447919809175e+00
-2.079010040827545147e+00
0.000000000000000000e+00
0.000000000000000000e+00
3.575582541510954560e+00
-8.638047242656309369e-03
-1.395628523448036118e+00
-2.236244200513206604e+00
-4.496046951115288404e-01
-0.000000000000000000e+00
0.000000000000000000e+00
0.000000000000000000e+00
0.000000000000000000e+00
3.163879567296797868e-01
0.000000000000000000e+00
0.000000000000000000e+00
0.000000000000000000e+00
-2.487866496895513535e+00
3.606124658087639379e-01
0.000000000000000000e+00
-0.000000000000000000e+00
-2.621520201133350714e+00
-0.000000000000000000e+00
0.000000000000000000e+00
-0.000000000000000000e+00
0.000000000000000000e+00
9.639786820594048455e-01
-0.000000000000000000e+00
0.000000000000000000e+00
0.000000000000000000e+00
-0.000000000000000000e+00
0.000000000000000000e+00
-7.712229541625492679e-01
0.000000000000000000e+00
0.000000000000000000e+00
-0.000000000000000000e+00
0.000000000000000000e+00
-0.000000000000000000e+00
0.000000000000000000e+00
-0.000000000000000000e+00
0.000000000000000000e+00
-0.000000000000000000e+00
0.000000000000000000e+00
-0.000000000000000000e+00
-0.000000000000000000e+00
7.540006496573777861e-01
-0.000000000000000000e+00
-0.000000000000000000e+00
-7.046822104286010191e-01
0.000000000000000000e+00
2.585599395929031541e+00
0.000000000000000000e+00
2.473622524595092464e+00
2.766209841863995322e+00
8.800840465306060123e-01
-2.021176139908041236e+00
-0.000000000000000000e+00
-0.000000000000000000e+00
3.450612732129268445e-01
-0.000000000000000000e+00
0.000000000000000000e+00
-1.525530270504316555e+00
0.000000000000000000e+00
2.577783740572885396e+00
-0.000000000000000000e+00
-0.000000000000000000e+00
-4.589685664703995749e-01
0.000000000000000000e+00
-1.844063312784243736e-01
-3.688773330549215412e+00
-2.228410912420992762e+00
-0.000000000000000000e+00
-0.000000000000000000e+00
0.000000000000000000e+00
0.000000000000000000e+00
2.119798701970318167e+00
1.475226119501560351e+00
0.000000000000000000e+00
-0.000000000000000000e+00
1.527926754683983819e-02
0.000000000000000000e+00
0.000000000000000000e+00
-0.000000000000000000e+00
-0.000000000000000000e+00
-0.000000000000000000e+00
-0.000000000000000000e+00
0.000000000000000000e+00
0.000000000000000000e+00
0.000000000000000000e+00
0.000000000000000000e+00
0.000000000000000000e+00
0.000000000000000000e+00
0.000000000000000000e+00
-0.000000000000000000e+00
2.760613819701394078e+00
0.000000000000000000e+00
2.435307168507977460e-01
0.000000000000000000e+00
-0.000000000000000000e+00
8.726818215342336815e-01
-0.000000000000000000e+00
-1.817510747440067798e+00
-2.123463982299197639e+00
-1.552794160885382357e+00
-0.000000000000000000e+00
-0.000000000000000000e+00
0.000000000000000000e+00
0.000000000000000000e+00
-0.000000000000000000e+00
-0.000000000000000000e+00
-0.000000000000000000e+00
0.000000000000000000e+00
-6.770930222594582215e-01
-0.000000000000000000e+00
1.314719856935819386e+00
0.000000000000000000e+00
0.000000000000000000e+00
0.000000000000000000e+00
0.000000000000000000e+00
-0.000000000000000000e+00
-0.000000000000000000e+00
-0.000000000000000000e+00
-0.000000000000000000e+00
0.000000000000000000e+00
3.021890577121632560e-01
8.140210214904441965e-01
0.000000000000000000e+00
0.000000000000000000e+00
-8.222246632594601978e-01
0.000000000000000000e+00
1.486011571308733181e+00
-3.771011743712295861e-01
-0.000000000000000000e+00
0.000000000000000000e+00
1.194957017249100861e-01
0.000000000000000000e+00
-0.000000000000000000e+00
0.000000000000000000e+00
0.000000000000000000e+00
0.000000000000000000e+00
0.000000000000000000e+00
-0.000000000000000000e+00
-0.000000000000000000e+00
-2.439130120592746920e+00
3.245700919436210197e-01
0.000000000000000000e+00
-0.000000000000000000e+00
-0.000000000000000000e+00
-1.610621958413218424e+00
0.000000000000000000e+00
-1.021759346554374392e+00
7.399220173304388304e-01
0.000000000000000000e+00
-0.000000000000000000e+00
-0.000000000000000000e+00
6.837203767146127209e-01
0.000000000000000000e+00
-0.000000000000000000e+00
-0.000000000000000000e+00
-1.033155165451472346e+00
0.000000000000000000e+00
4.213951630602268850e+00
-2.284033458319493504e-01
0.000000000000000000e+00
0.000000000000000000e+00
-0.000000000000000000e+00
0.000000000000000000e+00
-3.820763286070406189e-02
2.007711217427219363e+00
0.000000000000000000e+00
-1.701661774839967833e+00
-0.000000000000000000e+00
-0.000000000000000000e+00
-0.000000000000000000e+00
0.000000000000000000e+00
-0.000000000000000000e+00
0.000000000000000000e+00
0.000000000000000000e+00
-0.000000000000000000e+00
0.000000000000000000e+00
-0.000000000000000000e+00
0.000000000000000000e+00
0.000000000000000000e+00
0.000000000000000000e+00
-0.000000000000000000e+00
0.000000000000000000e+00
-0.000000000000000000e+00
-0.000000000000000000e+00
0.000000000000000000e+00
-0.000000000000000000e+00
0.000000000000000000e+00
0.000000000000000000e+00
0.000000000000000000e+00
0.000000000000000000e+00
-3.490753892812743953e+00
-0.000000000000000000e+00
0.000000000000000000e+00
0.000000000000000000e+00
0.000000000000000000e+00
0.000000000000000000e+00
-0.000000000000000000e+00
0.000000000000000000e+00
-1.197470983354201435e+00
8.166321465452440753e-01
-0.000000000000000000e+00
-0.000000000000000000e+00
0.000000000000000000e+00
2.766887361738417095e+00
1.483496060279850592e+00
0.000000000000000000e+00
0.000000000000000000e+00
-0.000000000000000000e+00
0.000000000000000000e+00
-0.000000000000000000e+00
0.000000000000000000e+00
-0.000000000000000000e+00
-0.000000000000000000e+00
0.000000000000000000e+00
8.356902918347799414e-01
0.000000000000000000e+00
0.000000000000000000e+00
0.000000000000000000e+00
-2.999011800270611872e+00
-0.000000000000000000e+00
-2.620306339837190190e+00
-8.141072692180200132e-01
0.000000000000000000e+00
