-9.212959999999999354e+02
-9.173912000000000262e+02
-9.013182000000000471e+02
-9.196911999999999807e+02
-9.155517999999999574e+02
-9.132778000000000702e+02
-9.102821999999999889e+02
-9.077760000000000673e+02
-9.061157999999999220e+02
-9.142067999999999302e+02
-9.073278000000000247e+02
-9.077533999999999423e+02
-9.135510000000000446e+02
-9.014416000000001077e+02
-9.203722000000000207e+02
-9.150092000000000780e+02
-9.181754000000000815e+02
-9.146399999999999864e+02
-9.266245999999998730e+02
-9.110259999999998399e+02
-9.104236000000000786e+02
-9.162493999999999232e+02
-9.080808000000000675e+02
-9.095883999999999787e+02
-9.014976000000000340e+02
-9.220138000000000602e+02
-9.062355999999999767e+02
-9.017418000000000120e+02
-9.079266000000000076e+02
-9.045613999999999351e+02
-9.171724000000000387e+02
-9.163124000000000251e+02
-9.141459999999999582e+02
-9.061150000000000091e+02
-9.076607999999999947e+02
-9.210546000000000504e+02
-9.208075999999998658e+02
-9.106875999999999749e+02
-9.206657999999999902e+02
-9.142169999999999845e+02
-9.111641999999999371e+02
-9.174368000000000620e+02
-8.950771999999999480e+02
-9.115709999999999127e+02
-9.113399999999999181e+02
-9.078211999999999762e+02
-9.139610000000000127e+02
-9.092459999999998672e+02
-8.854110000000000582e+02
-9.076255999999999631e+02
-9.088592000000001008e+02
-9.079183999999999060e+02
-9.105564000000000533e+02
-9.041745999999999412e+02
-9.169423999999999069e+02
-9.145786000000000513e+02
-9.121502000000000407e+02
-9.080733999999999924e+02
-9.143025999999999840e+02
-9.074963999999999942e+02
-9.104365999999999985e+02
-9.052032000000001517e+02
-9.126387999999999465e+02
-9.098608000000000402e+02
-8.564156000000000404e+02
-9.103511999999998352e+02
-9.121108000000000402e+02
-9.015989999999999327e+02
-9.109752000000000862e+02
-9.062781999999999698e+02
-9.160769999999999982e+02
-9.146195999999999913e+02
-9.109734000000000833e+02
-9.041090000000000373e+02
-8.924574000000000069e+02
-9.122765999999999167e+02
-9.065399999999999636e+02
-9.036280000000000427e+02
-9.096466000000000349e+02
-9.176471999999999980e+02
-9.143425999999999476e+02
-9.130265999999999167e+02
-9.056330000000001519e+02
-9.076422000000000025e+02
-9.124879999999999427e+02
-9.009591999999998961e+02
-9.113125999999999749e+02
-9.041592000000000553e+02
-9.084747999999999593e+02
-9.113461999999999534e+02
-9.152544000000000324e+02
-8.971065999999998439e+02
-9.011177999999999884e+02
-9.104969999999999573e+02
-9.165129999999999200e+02
-9.101102000000000771e+02
-8.569925999999999249e+02
-9.167241999999999962e+02
-9.186067999999999074e+02
-9.149118000000000848e+02
-9.102129999999999654e+02
-9.128025999999999840e+02
-9.069620000000001028e+02
-9.181628000000000611e+02
-9.103816000000000486e+02
-9.192792000000001735e+02
-9.118720000000000709e+02
-9.250307999999998856e+02
-9.205344000000001188e+02
-9.205504000000000815e+02
-9.182894000000000005e+02
-9.150809999999999036e+02
-9.160087999999999511e+02
-9.127400000000000091e+02
-9.128079999999999927e+02
-9.190863999999999123e+02
-9.100414000000000669e+02
-9.154637999999998783e+02
-9.100247999999999138e+02
-9.140222000000001117e+02
-9.216360000000000809e+02
-9.027885999999998603e+02
-9.225966000000000804e+02
-9.114773999999999887e+02
-9.083548000000000684e+02
-9.248741999999999734e+02
-9.123673999999998614e+02
-9.226675999999999931e+02
-9.130852000000000999e+02
-9.142866000000001350e+02
-9.214977999999998701e+02
-9.103752000000000635e+02
-9.091552000000001499e+02
-9.070117999999999938e+02
-9.232963999999999487e+02
-9.120221999999999980e+02
-8.952342000000001008e+02
-9.093758000000000266e+02
-9.167472000000000207e+02
-9.175907999999999447e+02
-9.125825999999999567e+02
-9.143244000000000824e+02
-9.112036000000000513e+02
-9.084583999999998696e+02
-9.129930000000000518e+02
-9.045570000000000164e+02
-9.089098000000000184e+02
-9.014686000000001513e+02
-9.132430000000000518e+02
-9.055458000000000993e+02
-9.164139999999999873e+02
-9.128020000000000209e+02
-9.049244000000001051e+02
-9.196915999999998803e+02
-9.045178000000001930e+02
-9.149297999999998865e+02
-9.196255999999999631e+02
-9.150060000000000855e+02
-8.981397999999999229e+02
-9.188894000000000233e+02
-9.159110000000000582e+02
-9.066033999999999651e+02
-9.169460000000001401e+02
-9.195589999999999691e+02
-9.063941999999999553e+02
-9.091228000000000975e+02
-9.164779999999998381e+02
-9.117409999999999854e+02
-9.026238000000000739e+02
-9.018152000000000044e+02
-9.089522000000000617e+02
-9.068744000000000369e+02
-9.100886000000000422e+02
-9.086137999999998556e+02
-9.194585999999999331e+02
-8.952156000000001086e+02
-9.054778000000000020e+02
-9.065971999999999298e+02
-9.056513999999999669e+02
-9.161198000000000548e+02
-9.194752000000000862e+02
-9.230409999999999400e+02
-9.142282000000001290e+02
-9.214701999999999771e+02
-9.096869999999998981e+02
-9.116950000000000500e+02
-9.258740000000000236e+02
-9.135804000000000542e+02
-9.156445999999999685e+02
-9.186431999999998652e+02
-9.105198000000000320e+02
-9.155231999999999744e+02
-9.245144000000000233e+02
-9.173363999999999123e+02
-9.160524000000001479e+02
-9.243791999999999689e+02
-9.119579999999999700e+02
-9.099752000000000862e+02
-9.203551999999999680e+02
-9.125080000000001519e+02
-9.233005999999999176e+02
-9.048143999999999778e+02
-9.179441999999999098e+02
