-9.058048000000001139e+02
-9.173914000000000897e+02
-9.164990000000000236e+02
-8.989930000000000518e+02
-9.059246000000000549e+02
-9.113744000000000369e+02
-9.119139999999999873e+02
-8.996204000000000178e+02
-9.029432000000000471e+02
-9.099667999999999211e+02
-9.168603999999999132e+02
-9.130883999999999787e+02
-9.071874000000000251e+02
-9.046191999999998643e+02
-9.115152000000000498e+02
-9.017232000000000198e+02
-9.137103999999999360e+02
-9.122076000000000704e+02
-9.124703999999999269e+02
-9.087396000000001095e+02
-9.125958000000000538e+02
-9.091983999999999924e+02
-9.027861999999998943e+02
-8.977072000000000571e+02
-9.171724000000000387e+02
-9.163124000000000251e+02
-9.141459999999999582e+02
-9.061150000000000091e+02
-9.076607999999999947e+02
-9.210546000000000504e+02
-9.208075999999998658e+02
-9.106875999999999749e+02
-9.206657999999999902e+02
-9.142169999999999845e+02
-9.111641999999999371e+02
-9.174368000000000620e+02
-9.147416000000000622e+02
-9.124347999999999956e+02
-9.149251999999999043e+02
-9.136388000000000602e+02
-9.148007999999999811e+02
-9.129876000000000431e+02
-9.055512000000001080e+02
-9.108507999999999356e+02
-9.222049999999999272e+02
-9.091920000000000073e+02
-9.201814000000000533e+02
-9.198167999999999438e+02
-9.174918000000000120e+02
-8.669833999999998468e+02
-9.124380000000001019e+02
-9.194166000000001304e+02
-9.054107999999999947e+02
-9.042344000000000506e+02
-9.054393999999999778e+02
-9.122878000000000611e+02
-9.153791999999999689e+02
-9.132621999999998934e+02
-9.187837999999999283e+02
-9.225966000000000804e+02
-9.114773999999999887e+02
-9.083548000000000684e+02
-9.248741999999999734e+02
-9.123673999999998614e+02
-9.226675999999999931e+02
-9.130852000000000999e+02
-9.142866000000001350e+02
-9.214977999999998701e+02
-9.103752000000000635e+02
-9.068744000000000369e+02
-9.100886000000000422e+02
-9.086137999999998556e+02
-9.194585999999999331e+02
-8.952156000000001086e+02
-9.054778000000000020e+02
-9.065971999999999298e+02
-9.056513999999999669e+02
-9.128025999999999840e+02
-9.069620000000001028e+02
-9.181628000000000611e+02
-9.103816000000000486e+02
-9.192792000000001735e+02
-9.118720000000000709e+02
-9.250307999999998856e+02
-9.205344000000001188e+02
-9.205504000000000815e+02
-9.182894000000000005e+02
-9.150809999999999036e+02
-9.160087999999999511e+02
-9.127400000000000091e+02
-9.120629999999998745e+02
-9.186241999999999734e+02
-9.193002000000000180e+02
-9.202252000000000862e+02
-9.091659999999999400e+02
-9.053932000000000926e+02
-9.116168000000000120e+02
-9.050373999999999342e+02
-9.161198000000000548e+02
-9.194752000000000862e+02
-9.230409999999999400e+02
-9.142282000000001290e+02
-9.214701999999999771e+02
-9.096869999999998981e+02
-9.116950000000000500e+02
-9.258740000000000236e+02
-9.135804000000000542e+02
-9.156445999999999685e+02
-9.186431999999998652e+02
-9.105198000000000320e+02
-9.155231999999999744e+02
-9.245144000000000233e+02
-9.173363999999999123e+02
-9.160524000000001479e+02
-9.243791999999999689e+02
-9.119579999999999700e+02
-9.099752000000000862e+02
-9.203551999999999680e+02
-9.125080000000001519e+02
-9.233005999999999176e+02
-9.048143999999999778e+02
-9.179441999999999098e+02
-9.036280000000000427e+02
-9.096466000000000349e+02
-9.176471999999999980e+02
-9.143425999999999476e+02
-9.130265999999999167e+02
-9.056330000000001519e+02
-9.076422000000000025e+02
-9.124879999999999427e+02
-9.009591999999998961e+02
-9.113125999999999749e+02
-9.041592000000000553e+02
-9.084747999999999593e+02
-9.113461999999999534e+02
-8.950771999999999480e+02
-9.115709999999999127e+02
-9.113399999999999181e+02
-9.078211999999999762e+02
-9.139610000000000127e+02
-9.092459999999998672e+02
-8.854110000000000582e+02
-9.076255999999999631e+02
-9.088592000000001008e+02
-9.079183999999999060e+02
-9.105564000000000533e+02
-9.188894000000000233e+02
-9.159110000000000582e+02
-9.066033999999999651e+02
-9.169460000000001401e+02
-9.195589999999999691e+02
-9.063941999999999553e+02
-9.091228000000000975e+02
-9.164779999999998381e+02
-9.117409999999999854e+02
-9.026238000000000739e+02
-9.018152000000000044e+02
-9.089522000000000617e+02
-9.203722000000000207e+02
-9.150092000000000780e+02
-9.181754000000000815e+02
-9.146399999999999864e+02
-9.266245999999998730e+02
-9.110259999999998399e+02
-9.104236000000000786e+02
-9.162493999999999232e+02
-9.080808000000000675e+02
-9.095883999999999787e+02
-9.014976000000000340e+02
-9.041745999999999412e+02
-9.169423999999999069e+02
-9.145786000000000513e+02
-9.121502000000000407e+02
-9.080733999999999924e+02
-9.143025999999999840e+02
-9.074963999999999942e+02
-9.104365999999999985e+02
-9.052032000000001517e+02
-9.126387999999999465e+02
-9.098608000000000402e+02
-8.564156000000000404e+02
-9.128020000000000209e+02
-9.049244000000001051e+02
-9.196915999999998803e+02
-9.045178000000001930e+02
-9.149297999999998865e+02
-9.196255999999999631e+02
-9.150060000000000855e+02
-8.981397999999999229e+02
-9.091552000000001499e+02
-9.070117999999999938e+02
-9.232963999999999487e+02
-9.120221999999999980e+02
-8.952342000000001008e+02
-9.093758000000000266e+02
-9.167472000000000207e+02
-9.175907999999999447e+02
-9.125825999999999567e+02
-9.102821999999999889e+02
-9.077760000000000673e+02
-9.061157999999999220e+02
-9.142067999999999302e+02
-9.073278000000000247e+02
-9.077533999999999423e+02
-9.135510000000000446e+02
-9.014416000000001077e+02
-9.128079999999999927e+02
-9.190863999999999123e+02
-9.100414000000000669e+02
-9.154637999999998783e+02
-9.100247999999999138e+02
-9.140222000000001117e+02
-9.216360000000000809e+02
-9.027885999999998603e+02
-9.174386000000000649e+02
-9.197115999999999758e+02
-9.145850000000000364e+02
-9.192162000000000717e+02
-9.170878000000000156e+02
-9.158961999999999080e+02
-9.168197999999999865e+02
-9.095510000000000446e+02
-9.011816000000001168e+02
-9.082648000000001502e+02
-9.118269999999999982e+02
-9.044293999999999869e+02
-9.226218000000001211e+02
-9.168405999999998812e+02
-9.058530000000000655e+02
-9.065209999999999582e+02
-9.086617999999998574e+02
-9.095202000000001590e+02
-9.080295999999998457e+02
-9.145852000000000999e+02
-9.109862000000000535e+02
-9.161923999999999069e+02
-9.113853999999998905e+02
-9.172297999999998410e+02
-9.143244000000000824e+02
-9.112036000000000513e+02
-9.084583999999998696e+02
-9.129930000000000518e+02
-9.045570000000000164e+02
-9.089098000000000184e+02
-9.014686000000001513e+02
-9.132430000000000518e+02
-9.055458000000000993e+02
-9.164139999999999873e+02
-9.103511999999998352e+02
-9.121108000000000402e+02
-9.015989999999999327e+02
-9.109752000000000862e+02
-9.062781999999999698e+02
-9.160769999999999982e+02
-9.146195999999999913e+02
-9.109734000000000833e+02
-9.041090000000000373e+02
-8.924574000000000069e+02
-9.122765999999999167e+02
-9.065399999999999636e+02
-9.095254000000001042e+02
-9.123394000000000688e+02
-9.070805999999998903e+02
-9.137149999999999181e+02
-9.194017999999999802e+02
-9.163115999999999985e+02
-9.162500000000000000e+02
-9.083214000000000397e+02
-8.853759999999999764e+02
-9.053293999999999642e+02
-9.106983999999998787e+02
-9.102072000000000571e+02
-9.083860000000000809e+02
-9.165907999999999447e+02
-9.058759999999999764e+02
-9.180883999999999787e+02
-9.152544000000000324e+02
-8.971065999999998439e+02
-9.011177999999999884e+02
-9.104969999999999573e+02
-9.165129999999999200e+02
-9.101102000000000771e+02
-8.569925999999999249e+02
-9.167241999999999962e+02
-9.186067999999999074e+02
-9.149118000000000848e+02
-9.102129999999999654e+02
-9.238520000000000891e+02
-9.068175999999999704e+02
-9.209621999999999389e+02
-9.067875999999999976e+02
-9.110980000000001837e+02
-9.065801999999999907e+02
-9.189048000000000229e+02
-8.622401999999999589e+02
-9.141625999999999976e+02
-9.180339999999999918e+02
-9.111195999999999913e+02
-9.156758000000002085e+02
-9.220138000000000602e+02
-9.062355999999999767e+02
-9.017418000000000120e+02
-9.079266000000000076e+02
-9.045613999999999351e+02
-9.134811999999999443e+02
-9.123383999999999787e+02
-9.249667999999999211e+02
-9.093003999999998541e+02
-9.166808000000000902e+02
-9.152994000000001051e+02
-9.125477999999999383e+02
-9.206487999999999374e+02
-9.226258000000000266e+02
-9.182953999999999724e+02
-9.056593999999998914e+02
-9.123812000000000353e+02
-9.212959999999999354e+02
-9.173912000000000262e+02
-9.013182000000000471e+02
-9.196911999999999807e+02
-9.155517999999999574e+02
-9.132778000000000702e+02
